.Random.seed <-
c(403L, 10L, -1308122412L, 369634810L, 2013905221L, -2088925793L, 
-1359628506L, -664954960L, -2084293549L, 650342257L, 576595616L, 
-1399240130L, -1480302263L, -273129477L, 20579274L, -1065902804L, 
-1994919633L, 1997889509L, -58524004L, -917173518L, 1104849773L, 
1330812071L, 1342492366L, 1181230120L, 1416706091L, -1261045175L, 
-1587719336L, -1390486010L, -1962694687L, 22295923L, 151035362L, 
-827190956L, -1710104489L, 696872013L, 506650596L, 334327242L, 
-1066240971L, -643804529L, -773583978L, -2005739712L, -278087165L, 
-957980639L, 1797737232L, -2049857298L, 29509785L, -1488356053L, 
-1741753318L, 1897866972L, 943574751L, 1127721141L, 1276714572L, 
125108898L, 310610429L, 1398194935L, 2009687070L, -233591080L, 
1731973691L, 769273817L, 431846760L, -761625450L, 226001425L, 
912194499L, 165324754L, 1355715172L, 1978315175L, -1255338243L, 
2026797812L, 356257242L, 1500250405L, 1656559679L, 1308481478L, 
1063627856L, -167133069L, 63607953L, 1676207296L, -1971902818L, 
812309097L, -413672805L, 681400234L, 1605747660L, -1601741169L, 
1799732933L, -1796262276L, -1404118318L, 2063019597L, -281296121L, 
1038804718L, -670727224L, -387599157L, -1551602391L, -1974018696L, 
-1919376730L, 420758721L, -97053357L, 506794498L, -2137994444L, 
-1824184137L, -673402707L, 1527131588L, 160095722L, -348618155L, 
-287347729L, -1601434634L, 623451424L, 61043427L, -901520511L, 
1614804464L, -598569842L, -2136329223L, -1443737205L, 1627114938L, 
1077302460L, -296007681L, -866278059L, -499370388L, 361923266L, 
981566749L, -956679273L, -1107529986L, 1079528632L, 980393627L, 
-708653831L, -1963577784L, 174410102L, -1746095951L, 1403348195L, 
738128818L, -1048114172L, 1769967431L, -1637595619L, -869835628L, 
-1161655238L, -1788041595L, -1184868513L, 971356134L, 190872176L, 
269962643L, -1402881487L, -890079008L, -1495658114L, 957568009L, 
924832827L, 1664530954L, -333692436L, -887908753L, 1818106277L, 
582852956L, -393757390L, 541565997L, 1754700519L, 672190478L, 
-1083416088L, 1768301547L, -439403383L, -1101993960L, -1755490490L, 
1951106465L, 171383859L, 1552478626L, 1877484692L, -882060521L, 
-873407219L, -854827996L, -1616221174L, 1206833525L, 715122895L, 
1803930582L, 1133495168L, 1045338051L, -124993183L, 156829648L, 
765431598L, -112905511L, 1257443563L, 385810778L, -552604900L, 
-952410593L, -1788172683L, 1513771788L, 1912753890L, 752247741L, 
-1570302921L, 2042967774L, 1265107480L, 1323486587L, -525564647L, 
-1121023576L, -554074794L, 468745681L, -1300826749L, -1211306990L, 
-577648732L, -1800978585L, 227310781L, 287136820L, -246992998L, 
586329061L, 1538500479L, 282433286L, -1584783216L, 1029814579L, 
-1221341487L, -256902016L, 1794436446L, -2694487L, -559059621L, 
1641787242L, -820419060L, -341823921L, -1952324859L, 1912976316L, 
1965770386L, -1771698803L, -974711353L, 425371310L, 819269384L, 
2059914507L, -1644565527L, -238252872L, 1934429030L, -1559502847L, 
1148202643L, 1529934146L, -1872797964L, 377547511L, 162306797L, 
231085444L, -34137174L, -1643282155L, 329681616L, 1130766524L, 
-1408082284L, -1548521854L, 88258752L, -953803972L, 307375248L, 
997326370L, -1847328760L, -175684340L, 231040156L, -38117870L, 
-1615859840L, -214194668L, 2119828008L, 584355130L, 1933599184L, 
-88925076L, -841598668L, 600075922L, -1864600736L, 1339237196L, 
-1661896736L, -1972815966L, 1506097064L, -487518836L, 1449095356L, 
688861554L, -1541444368L, -1468616636L, 1806408024L, 1555226170L, 
-1670472848L, 1951897660L, 475051796L, -415162942L, 1378669280L, 
-1821806724L, 1672322768L, -2078617438L, -604175320L, -250837748L, 
-425799748L, -821399246L, 809546176L, 1341643316L, -1821953080L, 
1150570682L, -1125856880L, 834087404L, -344548780L, 2089396370L, 
-1233811680L, -1231506996L, -314800672L, 1419876034L, -1994302424L, 
-1007609172L, -603941700L, 1464164850L, -724704976L, 865623204L, 
-283029832L, -1961284262L, -118370928L, 286079868L, -776896236L, 
1855968066L, -1822807296L, 624105404L, 367658832L, 1483338530L, 
-1355713208L, -1292402164L, -2104272804L, -2047740718L, -333438464L, 
1421759828L, 2081071592L, 734006266L, 1734529232L, -2066526932L, 
-48823564L, -1012452974L, -2139716512L, -198603508L, 1529266912L, 
-2034675358L, 2033875624L, -738631092L, -874403460L, -1355588302L, 
-1824112528L, -722198716L, 1304057304L, -749822854L, -2145038800L, 
7738044L, 394221396L, -1606405054L, 346873248L, 942770876L, -1096052272L, 
-432974494L, -616579096L, -320405556L, 71182076L, -1186645518L, 
-1571377024L, 488004852L, 1275707016L, -1427198150L, 1684110160L, 
641130092L, -209176428L, -1390302894L, 1022973664L, 1003592396L, 
-1595952992L, -334521470L, 1571148520L, 1679520492L, 290622524L, 
621046386L, -911129488L, -606224860L, -675578824L, -540702694L, 
18922192L, -1802810308L, 61932692L, -1425843070L, -1406484544L, 
1378693436L, -233055600L, -1940446174L, 2083275784L, -1493268340L, 
-217484260L, 2132635282L, -227736448L, -1668411372L, 2002132264L, 
1781132858L, -2030678832L, -259668884L, -355605836L, 1412550674L, 
-1432217632L, -587458612L, -1229128224L, -248039902L, 177103144L, 
-667920116L, -551877060L, 1951068402L, -652401936L, 608977732L, 
1104728664L, -547366342L, 1857650416L, -470915908L, -1589357036L, 
1139161282L, -995870624L, 2037323132L, -2135632688L, -1086858206L, 
-1631296856L, 1927452556L, 172192188L, 786904114L, -2127677632L, 
-373188428L, 216648520L, -2025137478L, -1541695728L, 434217196L, 
-1821080492L, -1771368686L, -2030429280L, 1078194124L, -855684256L, 
-635055934L, 1259791912L, -1172093524L, -765026500L, -1722804366L, 
73313072L, -1455672796L, 938121272L, 1317643482L, -1744344688L, 
-464484612L, -83308652L, 1885080386L, -818667008L, -1036707268L, 
-1264468400L, -1358955870L, 302357320L, 933036556L, 2022939868L, 
-1730491822L, -1870256000L, -665253036L, 601201128L, -1436976390L, 
-2031532208L, 1851784236L, 735937908L, -386853230L, -1133319584L, 
1067266700L, -2035053728L, -910896414L, 1308819624L, 456962252L, 
524794364L, 89644978L, -412908048L, -943979068L, -2006372520L, 
1046403962L, -1893427792L, -1844987460L, 956815444L, 611723965L, 
-254963670L, -943314744L, 591048177L, 1987533667L, 2088188772L, 
214250130L, -1410175129L, -950189775L, 2003692150L, 1653693332L, 
1208160165L, -337403729L, 981261672L, 381345094L, -1123697421L, 
2073125461L, 1403600434L, -821601280L, -1278643991L, -489437349L, 
-2144419412L, -181476934L, 1785102191L, 1388847353L, 1627551118L, 
2079320156L, -1760933171L, -1595986377L, 1700697280L, 1917938590L, 
-1162602389L, -1387907091L, -139716006L, 1029455128L, 1515227777L, 
1156118579L, 1450696276L, 2115844706L, 1049660663L, -1717962943L, 
379090374L, -185915644L, 1006006965L, 1562848671L, -306748936L, 
-1087148074L, -104486301L, -1834102235L, -904398398L, -976879952L, 
-1020639527L, -1490869L, 1602690748L, -470594326L, -1089840865L, 
-800912983L, 2104405822L, -125748692L, -1911830403L, -1267320121L, 
-1241431120L, -649865778L, 2017519355L, -1158537891L, -680520054L, 
-1763511128L, -417550319L, -1105649405L, -1945138172L, 1049134130L, 
-2138018681L, -1841837871L, 1482730070L, -2004733388L, 3684677L, 
-1145658481L, -1004542200L, 1878102310L, -1062850093L, 1843960629L, 
530946706L, -1395835296L, 1204127689L, -1229523205L, 1034524876L, 
164139354L, 157457487L, 2072629529L, 2142808878L, -1423755972L, 
205370029L, -1166586537L, 1256533152L, 1944701438L, 239195339L, 
-1706343731L, -1799840262L, 1340763704L, 94237665L, 1372740755L, 
-181848396L, -1863111742L, 665325527L, -619372511L, 1508272102L, 
1370284772L, 517584405L, -1049473473L, -2142216744L, 1745413110L, 
934501379L, 885124933L, -217134238L, -1833315120L, 1041547257L, 
130016043L, -428029796L, -1489467702L, 2102714303L, 1042860809L, 
-1052974050L, 764276172L, -2067380323L, -1462070745L, 1363214416L, 
-683505426L, 681629083L, 827579389L, 67299050L, 118280584L, 1996095281L, 
-1201131613L, -1608505436L, -1859874222L, 746490279L, 2003885553L, 
